Brand Model Jan Feb Mar Apr May Jun Jul Aug Sep Oct Nov Dec
Acura ADX 0 0 178 970 1542 1971 2292 2568 2234 2721 2837 2820
Acura Integra 1393 1367 1920 2038 1776 1429 1404 1745 1567 1879 1944 1716
Acura MDX 2966 3463 4212 4230 3880 3203 2976 3017 2866 3390 3309 3948
Acura RDX 2594 2561 3767 3741 2931 3603 1974 2232 1947 2394 2491 2710
Acura TLX 354 438 740 709 687 706 779 1019 697 656 639 606
Acura ZDX 1384 1494 1935 2331 1873 1318 665 520 395 25 22 43
Alfa Romeo Giulia 180 173 188 115 120 106 98 86 102 69 63 66
Alfa Romeo Stelvio 229 220 238 149 154 137 129 113 134 128 119 124
Alfa Romeo Tonale 242 232 251 146 151 134 327 286 340 106 98 102
Audi A3 753 723 783 885 919 817 556 487 579 628 581 604
Audi A5 1374 1319 1429 1403 1457 1295 1193 1043 1241 1777 1646 1711
Audi A6 622 597 647 572 594 528 1663 1454 1731 700 648 674
Audi Q3 1782 1711 1854 2453 2547 2264 1920 1679 1998 1860 1722 1791
Audi Q4 e-tron 454 436 472 296 308 273 1216 1064 1266 24 22 23
Audi Q5 4553 4371 4735 3125 3245 2885 3334 2916 3470 4701 4353 4527
Audi Q7 1701 1633 1769 1645 1708 1518 1468 1284 1528 1428 1322 1375
Audi Q8 1022 981 1063 934 970 862 692 605 720 1051 973 1012
Bentley Bentayga 118 114 124 103 107 95 138 121 144 129 119 124
Bentley Bentayga 0 0 0 0 0 0 69 60 71 0 0 0
Bentley Continental GT 76 73 79 66 68 61 88 77 92 83 76 79
Bentley Flying Spur 54 52 56 47 49 43 63 55 65 59 54 56
BMW 2-Series 1516 1455 1577 1753 0 0 1723 1507 1793 2151 1991 2071
BMW 3-Series 2477 2378 2576 2271 2358 2096 2637 2307 2745 3872 3585 3728
BMW 4-Series 3959 3801 4117 3880 4030 3582 2918 2552 3037 2597 2404 2501
Buick Enclave 3639 3492 3789 4178 4339 3859 3674 3214 3826 3924 3636 3778
Buick Encore GX 3594 3448 3735 3463 3598 3198 4821 4219 5022 4518 4183 4351
Buick Envision 2578 2472 2681 2326 2417 2149 3096 2708 3224 2898 2686 2794
Cadillac CT5 1327 1274 1380 1414 1468 1305 1372 1200 1428 1521 1408 1464
Cadillac Escalade 4880 4684 5075 4559 4734 4208 4663 4079 4854 4728 4378 4553
Cadillac Lyriq 1533 1472 1595 1694 1759 1564 2507 2193 2609 1504 1393 1448
Cadillac Optiq 572 549 595 1089 1130 2010 1676 1466 1744 817 757 787
Chevrolet Bolt EUV 1912 1836 1990 1587 1650 1468 2124 1857 2213 1984 1838 1911
Chevrolet Bolt EV 804 772 837 613 637 567 821 718 855 766 710 738
Chevrolet Trailblazer 7486 7199 7805 6632 6885 6124 9418 8237 9814 8859 8204 8520
Chevrolet Traverse 6788 6519 7067 7654 7953 7070 6442 5637 6714 6925 6412 6651
Chevrolet Trax 14763 14203 15392 14884 15463 13749 16845 14738 17556 15847 14667 15220
Chrysler Pacifica 8954 8604 9323 10044 10431 9270 8237 7205 8583 8866 8206 8514
Dodge Durango 5036 4841 5245 5658 5875 5225 4628 4046 4823 4981 4611 4787
Dodge Hornet 1531 1471 1595 1296 1346 1197 1733 1515 1804 1618 1498 1555
Ford Bronco 8718 8380 9081 9654 10017 8913 8250 7209 8594 8871 8211 8519
Ford Bronco Sport 8735 8400 9103 8622 8945 7958 10134 8857 10554 9487 8776 9103
Ford Edge 7363 7080 7679 7045 7308 6502 9124 7972 9495 8523 7889 8198
Ford F-150 Lightning 2321 2233 2419 1965 2039 1815 2624 2293 2733 2451 2268 2353
Ford Maverick 8730 10277 19008 20183 15508 12350 12022 11956 10870 11086 9883 13178
Ford Mustang 2399 2792 4186 4922 5010 4242 4229 3235 1803 3845 4207 4463
Ford Mustang Mach E 3529 3312 4766 2927 4724 2527 5308 7226 7643 2906 3014 3738
Ford Ranger 4502 4448 5963 7006 6319 4739 5974 5074 4253 7741 6845 8096
Ford Transit 7675 13877 13028 12340 15219 13918 13461 15660 13382 13146 15339 14752
Genesis G70 986 0 1005 803 773 1185 1079 944 1123 1062 1079 1088
Genesis G80 252 343 319 320 297 302 312 273 325 331 469 306
Genesis G90 202 122 99 116 119 130 156 136 162 152 156 137
Genesis GV60 166 224 320 192 148 119 184 161 191 93 31 21
Genesis GV70 1585 2289 2890 2634 3130 3198 3290 2878 3424 3047 3438 3554
Genesis GV80 1078 1564 2147 1920 1940 1629 2343 2049 2439 2332 2844 3361
Genesis GV80 Coupe 0 0 215 512 703 861 1042 1134 982 1096 1214 1187
GMC Acadia 4419 4242 4596 5441 5650 5023 4282 3746 4457 4626 4284 4455
GMC Canyon 3032 2911 3153 3121 3241 2881 3272 2862 3405 2977 2756 2866
GMC Sierra 26180 25133 27228 30606 31783 28252 30462 26643 31705 34001 31483 32742
GMC Terrain 5316 5103 5529 5542 5755 5116 7542 6597 7850 7139 6611 6875
GMC Yukon 7775 7464 8086 8396 8719 7750 6857 5997 7137 8604 7966 8285
Honda Accord 9665 8906 12041 11277 14017 12059 13090 15695 12927 14396 10613 15510
Honda Civic 16173 18178 24625 23553 25809 19898 19044 21596 16349 17907 17353 18176
Honda CR-V 27280 30458 45587 41483 37848 29905 32268 34123 28549 31696 29421 35150
Honda HR-V 11253 12741 17862 16534 18204 14128 13946 16241 12407 13759 13318 13988
Honda Odyssey 7592 7321 7934 8237 8553 7605 6991 6107 7274 7518 6962 7213
Honda Pilot 11863 13594 18267 17653 19452 15043 14571 16798 12996 14533 13985 14760
Honda Prologue 0 0 1486 2235 3188 4022 4366 5124 4988 5321 5510 5843
Hyundai Elantra 8866 10163 14461 13125 15741 12412 12354 15282 13808 10224 0 11375
Hyundai Ioniq 5 2250 2442 3919 3411 3898 3172 5818 7773 8408 1642 2027 2279
Hyundai Ioniq 6 871 1012 1435 1106 1197 701 949 1047 814 398 0 459
Hyundai Kona 4365 5629 7024 7914 7779 7117 6289 7083 4078 4969 0 6784
Hyundai Palisade 7144 8182 11203 10847 11654 9441 8897 10076 7713 8614 8157 8673
Hyundai Santa Fe 10487 12055 17321 18264 19605 15784 14882 16321 12187 13841 13105 13966
Hyundai Tucson 14256 16319 21488 20541 22104 17938 17453 19678 15107 16782 15914 16933
Infiniti Q50 287 276 299 241 250 222 323 282 336 301 278 289
Infiniti Q50 135 130 141 32 33 29 10 8 10 1 0 0
Infiniti Q60 0 0 0 0 0 0 0 0 0 0 0 0
Infiniti QX50 1388 1336 1449 1294 1342 1194 1736 1517 1806 1621 1499 1558
Infiniti QX50 689 661 716 508 527 468 489 428 509 314 291 302
Infiniti QX55 412 397 431 352 365 325 472 412 491 441 408 423
Infiniti QX55 283 272 295 179 186 166 189 165 196 124 114 119
Infiniti QX60 2145 2064 2239 2387 2476 2203 1942 1698 2026 2094 1937 2011
Infiniti QX60 1926 1849 2003 2474 2569 2284 2790 2441 2904 3218 2980 3099
Infiniti QX80 1044 1005 1091 1168 1212 1078 951 831 992 1026 949 985
Infiniti QX80 1355 1300 1409 970 1007 895 1033 904 1076 1260 1167 1214
Jaguar E-Pace 50 48 52 40 42 37 34 30 36 0 0 0
Jaguar F-Pace 712 686 744 628 652 581 843 737 878 788 729 756
Jaguar F-Pace 367 352 381 151 156 139 377 330 393 0 0 0
Jaguar F-Type 40 38 42 14 14 13 34 30 36 0 0 0
Jaguar I-Pace 238 229 248 201 209 186 270 236 281 252 233 242
Jaguar I-Pace 433 416 451 17 18 16 103 90 107 0 0 0
Jaguar XF 50 48 52 110 115 102 55 48 57 0 0 0
Jeep Compass 6058 5821 6307 5799 6014 5350 7413 6475 7711 6918 6396 6648
Jeep Gladiator 4241 4074 4412 4785 4968 4416 3873 3387 4039 4174 3863 4007
Jeep Grand Cherokee 16844 16200 17555 18974 19703 17510 15481 13537 16144 16685 15433 16010
Jeep Wrangler 12563 12082 13091 14166 14710 13093 11579 10128 12088 12493 11561 11998
Kia EV9 0 0 631 1158 1734 2481 2975 3244 3062 3390 3521 3688
Kia Forte 10381 10007 10845 9954 10321 9181 13077 11417 13602 12214 11303 11730
Kia K5 5654 5449 5906 5413 5610 4990 7331 6401 7623 6845 6332 6570
Kia Sorento 8064 7771 8424 9061 9411 8368 7814 6834 8149 8421 7789 8083
Kia Sportage 12974 12514 13565 14102 14653 13027 11890 10398 12400 12833 11863 12292
Kia Telluride 8732 8419 9125 9631 10012 8908 8241 7205 8591 8870 8205 8514
Land Rover Defender 2154 2074 2249 2375 2467 2196 1941 1697 2024 2091 1935 2008
Land Rover Discovery 523 503 546 462 480 427 620 542 646 580 537 557
Land Rover Discovery Sport 712 685 744 628 651 580 842 736 877 787 728 755
Land Rover Range Rover 1891 1822 1978 2087 2165 1928 1705 1489 1777 1834 1697 1759
Land Rover Range Rover Sport 1584 1526 1657 1743 1808 1609 1422 1242 1481 1528 1413 1463
Land Rover Range Rover Velar 648 624 678 571 593 528 767 671 799 717 663 687
Land Rover Range Rover 2633 2528 2739 1550 1610 1431 2470 2160 2570 0 0 0
Land Rover Range Rover Evoque 433 416 451 882 916 814 412 360 428 0 0 0
Land Rover Range Rover Sport 2133 2048 2219 1747 1815 1613 2264 1980 2356 0 0 0
Land Rover Range Rover Velar 1000 960 1040 530 551 489 617 540 643 0 0 0
Lexus ES 4211 4052 4393 3988 4136 3679 5230 4567 5444 4889 4523 4691
Lexus ES 2273 2905 4020 3377 3517 3089 3502 3897 3208 3362 3130 3646
Lexus GX 2587 2492 2701 2888 2995 2664 2350 2053 2449 2531 2342 2430
Lexus GX 3181 2136 3922 3959 3267 2428 3417 3332 2602 3287 2957 2692
Lexus IS 1688 1625 1763 1598 1657 1475 2097 1832 2185 1963 1815 1883
Lexus IS 1275 1365 2139 1984 1785 1310 1519 1862 1429 1504 1706 1836
Lexus LC 185 185 149 103 103 65 78 86 50 94 90 98
Lexus LS 163 157 170 146 151 134 190 166 198 178 165 171
Lexus LS 143 137 140 111 93 67 90 69 44 49 53 86
Lexus LX 376 595 733 767 679 530 581 614 555 615 457 962
Lexus NX 4715 4542 4923 5140 5332 4744 4190 3658 4366 4512 4175 4329
Lexus NX 5573 5342 7077 7077 6957 6227 6844 6967 5192 5552 6115 7913
Lexus RC 147 119 186 135 124 94 93 85 97 91 84 94
Lexus RX 7894 7606 8242 8560 8882 7901 6985 6099 7279 7521 6964 7210
Lexus RX 6521 7743 10452 0 8859 8108 8997 9860 8682 9572 10794 12463
Lexus RZ 502 483 523 421 437 389 565 494 588 528 488 507
Lexus RZ 263 486 705 651 911 763 800 674 86 19 147 895
Lexus TX 1874 2421 3188 3522 3775 3128 2987 3364 2875 3291 3144 2986
Lexus TX 1928 3533 4584 4877 5496 4729 4754 5227 4418 5100 4787 6913
Lexus UX 1432 1380 1497 1324 1372 1221 1734 1516 1805 1620 1497 1553
Lexus UX 753 784 988 928 884 664 777 695 426 425 462 635
Lucid Air 812 781 847 676 701 624 907 793 945 849 785 813
Lucid Air 800 768 832 0 0 0 720 630 750 0 0 0
Lucid Gravity 0 0 0 0 0 0 69 60 71 0 0 0
Mazda CX-30 7324 7058 7649 6825 7083 6301 8845 7724 9200 8268 7644 7931
Mazda CX-5 10341 9958 10792 10164 10547 9386 13211 11536 13739 12344 11416 11839
Mazda CX-50 4877 4699 5092 5236 5432 4836 6714 5863 6986 6281 5806 6022
Mercedes-Benz C-Class 4188 4028 4364 3980 4127 3671 5214 4554 5427 4878 4510 4679
Mercedes-Benz E-Class 1856 1785 1933 1764 1829 1628 2312 2019 2406 2162 2000 2075
Mercedes-Benz GLE 5417 5213 5646 5922 6154 5476 5038 4399 5250 5430 5025 5208
Mercedes-Benz GLS 2325 2237 2424 2587 2688 2391 2148 1876 2239 2317 2143 2221
Mini Cooper 1261 1211 1312 1506 1564 1390 1354 1184 1409 952 882 917
Mini Countryman 1021 983 1066 1124 1165 1036 916 800 954 986 912 946
Mini Countryman 1064 1021 1107 1066 1107 984 1140 997 1186 1128 1045 1087
Mini Hardtop 2-Door 438 421 456 390 404 360 524 458 545 489 452 469
Mini Hardtop 4-Door 612 589 639 548 567 505 735 642 764 686 634 658
Mitsubishi Eclipse Cross 1042 1003 1088 954 989 880 1284 1122 1337 1201 1112 1154
Mitsubishi Eclipse Cross 1244 1194 1293 1531 1590 1413 1398 1223 1455 1788 1656 1722
Mitsubishi Mirage 986 949 1030 912 945 841 1227 1072 1278 1149 1064 1104
Mitsubishi Mirage 2434 2336 2531 1154 1199 1065 948 829 987 379 351 365
Mitsubishi Outlander 2841 2735 2966 3098 3212 2856 2522 2200 2625 2711 2508 2604
Mitsubishi Outlander PHEV 1345 1296 1406 1488 1542 1371 1210 1055 1259 1300 1203 1249
Mitsubishi Outlander 3997 3837 4157 2641 2742 2438 3336 2918 3472 3032 2807 2920
Mitsubishi Outlander PHEV 568 545 590 464 482 429 0 0 0 281 261 271
Mitsubishi Outlander Sport 2303 2211 2395 1678 1742 1548 1056 924 1100 1911 1770 1841
Nissan Altima 10362 9968 10809 9627 9982 8880 12944 11305 13468 12101 11199 11625
Nissan Ariya 1420 1367 1483 1179 1224 1089 1582 1383 1647 1477 1366 1418
Nissan Rogue 20543 23421 31588 28974 30117 24533 24216 27103 21185 23608 22714 24102
Nissan Sentra 10301 9920 10754 10418 10816 9624 13590 11864 14138 12698 11751 12207
Polestar 2 1184 1139 1236 972 1008 896 1302 1139 1357 1219 1127 1168
Polestar 2 50 48 52 0 0 0 26 23 27 0 0 0
Polestar 3 0 0 214 486 732 944 1106 1248 1193 1324 1401 1387
Polestar 3 500 480 520 0 0 0 446 390 464 0 0 0
Porsche 718 326 314 341 287 297 264 384 335 399 358 331 343
Porsche 718 266 0 276 744 772 687 506 443 527 347 321 334
Porsche 911 1238 1193 1296 1102 1141 1016 1477 1289 1535 1379 1275 1320
Porsche 911 643 0 669 1127 1170 1040 715 626 745 1628 1507 1567
Porsche Cayenne 1867 1799 1953 2051 2129 1895 1676 1463 1745 1802 1667 1728
Porsche Cayenne 1087 0 1130 1687 1752 1557 1829 1599 1903 1971 1825 1898
Porsche Macan 2442 2353 2553 2688 2790 2483 2196 1917 2286 2361 2184 2264
Porsche Macan 1890 0 1966 2390 2482 2206 2568 2246 2673 2069 1916 1992
Porsche Panamera 174 0 181 383 398 353 510 446 531 430 398 414
Porsche Taycan 921 887 961 768 797 710 1032 902 1075 966 894 926
Porsche Taycan 416 0 432 359 373 332 350 306 364 175 162 169
Ram 1500 32041 30788 33369 35412 36790 32739 29781 26035 31052 32065 29668 30788
Ram ProMaster 5542 5325 5770 6183 6419 5712 5203 4548 5426 5601 5185 5382
Rivian R1S 4210 4042 4380 3476 3611 3212 4665 4079 4858 4356 4029 4181
Rivian R1T 3987 3830 4149 3298 3426 3047 4423 3868 4606 4129 3818 3962
Subaru Forester 12948 14347 22570 19330 15434 11343 11886 14225 10954 12769 13871 15393
Subaru Outback 10794 11601 17539 11501 11214 10608 14982 15768 12406 13441 13089 14773
Subaru Solterra 1052 925 1154 949 1246 1175 1562 1466 443 13 232 498
Tesla Cybertruck 2000 1920 2080 2026 2104 1870 2435 2130 2535 2388 2212 2300
Tesla Model 3 13667 13120 14213 13169 13675 12156 17390 15210 18100 14573 13494 14033
Tesla Model S 1000 960 1040 675 701 623 755 660 785 692 641 667
Tesla Model X 23667 22720 24613 1013 1052 935 1201 1050 1250 1108 1026 1067
Tesla Model Y 3000 2880 3120 25325 26299 23377 29498 25800 30702 29700 27500 28600
Toyota 4Runner 160 1295 6980 9261 6662 5793 14582 13423 8844 10431 10241 11132
Toyota bZ4X 2242 1690 1678 1064 1352 1223 1934 1020 61 18 1273 2054
Toyota Camry 19007 21640 29661 28350 31337 26335 26052 28523 24521 26999 26248 28512
Toyota Corolla 17341 16620 21495 22473 23461 18662 20018 21456 18457 21351 23237 23517
Toyota Corolla Cross 6367 6874 10879 9765 9844 7595 8638 6993 6386 8961 8645 8851
Toyota Grand Highlander 5585 9175 10958 13304 14819 11577 10854 13066 10494 12860 12448 11620
Toyota Highlander 2672 3822 5523 6272 6696 5071 4472 4066 4083 4943 4162 4426
Toyota RAV4 36250 37643 41509 41957 45282 36810 39773 42311 36599 39663 39463 42028
Toyota Sequoia 1421 1367 1482 1568 1629 1450 1301 1136 1356 1401 1296 1343
Toyota Sienna 9233 8888 9631 10388 10784 9595 8791 7675 9150 9455 8744 9066
Toyota Tacoma 18766 17110 23949 23036 26504 21508 26425 26774 20392 22660 22439 25075
Toyota Tundra 10364 10781 14405 14026 13956 11434 13541 12231 10207 10811 12211 13643
Volkswagen Atlas 5634 5409 5859 6137 6373 5665 6553 5732 6820 5837 5405 5621
Volkswagen ID.4 2554 2452 2657 1346 1396 1242 4277 3741 4452 86 79 83
Volkswagen Jetta 3688 3549 3846 3217 3339 2973 4316 3768 4493 4034 3733 3879
Volkswagen Taos 4231 4068 4412 3780 3923 3490 5074 4431 5283 4741 4388 4557
Volkswagen Tiguan 5138 4933 5344 3878 4028 3580 7563 6615 7872 10270 9510 9890
Volvo EX30 388 269 528 631 631 364 590 770 542 180 320 439
Volvo XC40 1201 2564 2704 2073 2073 1783 1590 1780 1518 1900 1700 1966
Volvo XC60 3411 3281 3554 3725 3871 3444 3150 2749 3282 3393 3140 3253
Volvo XC90 1987 1912 2070 2216 2303 2049 1851 1616 1928 1993 1844 1911